   0.0000000e+00   0.0000000e+00   1.0000000e+00
  -9.7004112e-01  -2.5740912e-06   2.4294080e-01
  -8.4571568e-01  -5.2991791e-01   6.2864846e-02
  -6.1394875e-01   7.8236409e-01   1.0475379e-01
   4.0015280e-01   1.4266285e-02   9.1633739e-01
  -7.0113183e-01   3.6790252e-01   6.1078793e-01
   6.7177236e-01   6.6554687e-01   3.2522185e-01
   9.7122843e-01  -2.3793627e-01  -1.0083502e-02
   5.1039732e-01  -7.2183743e-01   4.6738132e-01
   4.2077842e-01   8.8127892e-01  -2.1515806e-01
   4.1396420e-01   8.7047469e-01   2.6628453e-01
   6.3312871e-01   7.7390796e-01   1.4645803e-02
  -4.4750841e-01   8.0117811e-01   3.9730324e-01
   8.5678598e-01   1.6604159e-01   4.8820895e-01
   1.7729414e-01   6.2534035e-01   7.5994489e-01
  -8.8996732e-01   3.2243762e-01   3.2247814e-01
  -1.4406899e-01   2.9780156e-01   9.4369400e-01
  -2.0303787e-02   9.6378174e-01   2.6591823e-01
  -7.5305681e-01  -2.3756212e-01   6.1357125e-01
   6.9182236e-01   4.4255356e-01   5.7055076e-01
  -8.3930460e-01   7.4246842e-02   5.3856773e-01
  -7.0982752e-01   5.9908498e-01   3.7046197e-01
   8.7451093e-01   4.0953500e-01   2.5983017e-01
   6.4554767e-01   1.6320186e-01   7.4607866e-01
   8.4955423e-01  -1.6681307e-01   5.0043083e-01
   2.0242088e-01  -8.8679494e-01   4.1547626e-01
   2.0940392e-01   9.7753798e-01   2.3864061e-02
  -1.5379272e-01   5.9354358e-01   7.8997077e-01
   7.0547055e-01  -6.7966368e-01   2.0091936e-01
  -3.7597172e-01  -7.6504580e-01   5.2282902e-01
   4.3965934e-01  -4.3555616e-01   7.8548742e-01
   9.4585905e-02  -9.8880799e-01   1.1537879e-01
   4.3941563e-01  -8.7993373e-01   1.8063922e-01
  -6.6587629e-02  -7.6261776e-01   6.4341297e-01
  -3.1987386e-01   9.3930993e-01   1.2400629e-01
  -3.2952073e-01   1.9918247e-02   9.4393821e-01
  -6.6954126e-01  -6.7360360e-01   3.1300590e-01
  -4.5843826e-01   3.0962803e-01   8.3304553e-01
  -1.8082861e-01  -2.7832060e-01   9.4331260e-01
  -6.2109330e-01   2.1095873e-02   7.8345266e-01
  -1.5117089e-01   8.2334345e-01   5.4704015e-01
   2.5542998e-01  -6.8932086e-01   6.7793235e-01
   6.3411711e-01  -1.6864943e-01   7.5462100e-01
   2.7399825e-02  -5.2135890e-01   8.5289750e-01
  -4.6075617e-01   5.9504794e-01   6.5849959e-01
   4.5526589e-01   6.7747534e-01   5.7771977e-01
   1.7833113e-01   8.4472563e-01   5.0461531e-01
   9.7277754e-01  -1.0194304e-02   2.3151658e-01
   2.0668467e-01  -2.5599243e-01   9.4432480e-01
  -2.9842819e-01  -5.5587085e-01   7.7585322e-01
  -5.9254346e-01  -5.2821377e-01   6.0817962e-01
  -8.4010355e-01   5.3800912e-01   6.9081263e-02
   1.8761945e-01   2.7140254e-01   9.4400191e-01
   4.4152002e-01   4.2237795e-01   7.9161666e-01
  -4.9317235e-01  -2.8615786e-01   8.2151976e-01
   8.7665696e-01  -4.0134475e-01   2.6532051e-01
  -9.7357068e-01  -2.2837893e-01   1.7863258e-03
  -8.9226915e-01  -3.1901843e-01   3.1950430e-01
  -1.2446894e-01  -9.2516730e-01   3.5857070e-01
   6.9118721e-01  -4.5559735e-01   5.6097353e-01
